id=82041
type=2,randStartPhase=0
forceZeroStart=0
numSounds=0
numSprites=6
numSlots=0
offset=(0.000000,0.000000)
startPause=0.000000
animParam=1.500000 3.000000 0.000000 0.000000 0.000000 0.000000 (-3.000000,8.000000) 0.000000 0.970000 1.500000 0.060000 0.333000 1.000000 0.000000 0.000000 0.000000 0.000000 1.000000 0.000000
offset=(0.000000,0.000000)
startPause=0.000000
animParam=0.000000 0.000000 0.000000 1.500000 20.000000 1.000000 (0.000000,0.000000) 0.000000 0.030000 1.500000 0.030000 0.666000 1.000000 0.000000 0.000000 0.000000 0.000000 1.000000 0.000000
offset=(0.000000,0.000000)
startPause=0.000000
animParam=1.500000 3.000000 0.000000 0.000000 0.000000 0.000000 (7.000000,18.000000) 0.000000 0.970000 1.500000 0.060000 0.333000 1.000000 0.000000 0.000000 0.000000 0.000000 1.000000 0.000000
offset=(0.000000,0.000000)
startPause=0.000000
animParam=0.000000 0.000000 0.000000 0.000000 0.000000 0.000000 (-13.000000,9.000000) 0.000000 0.030000 1.500000 0.060000 0.000000 1.000000 0.000000 0.000000 0.000000 0.000000 1.000000 0.000000
offset=(0.000000,0.000000)
startPause=0.000000
animParam=0.000000 0.000000 0.000000 0.000000 0.000000 0.000000 (10.000000,-3.000000) 0.000000 0.030000 1.500000 0.060000 0.500000 1.000000 0.000000 0.000000 0.000000 0.000000 1.000000 0.000000
offset=(0.000000,0.000000)
startPause=0.000000
animParam=0.000000 0.000000 0.000000 0.000000 0.000000 0.000000 (-6.000000,4.000000) 0.000000 0.030000 1.500000 0.060000 0.000000 1.000000 0.000000 0.000000 0.000000 0.000000 1.000000 0.000000
author=FF221D0444